1 0
2 0
3 50127
4 0
5 0
6 7854
7 0
8 0
9 0
10 0
11 23100
12 0
13 0
14 0
15 0
16 0
17 0
18 0
19 0
20 0
21 0
22 0
23 0
24 0
25 0
26 0
27 0
28 7854
29 0
30 0
31 23100
32 0
33 0
34 1386
35 0
36 0
37 34419
38 25896
39 0
40 146489
44 118512
45 0
47 51403
48 239443
50 0
51 116818
52 247687
53 118204
54 0
55 0
56 0
58 0
59 4620
61 0
62 0
64 0
65 693
67 0
69 23586
70 0
71 0
72 0
74 0
75 0
76 0
77 0
78 0
79 0
81 1386
82 0
83 1386
84 0
88 0
89 0
90 0
91 0
92 0
93 0
94 -42413
95 -42413
96 0
98 0
99 0
101 97965
103 78592
104 30030
106 21221
107 0
108 0
109 18670
110 0
111 -84693
112 27489
113 -76401
114 0
115 0
116 0
117 0
118 0
119 25107
120 25107
121 21221
122 0
123 0
124 -32487
125 25107
126 0
127 0
