89  0   88
1	15	5	10	1
1	13	5	10	1
1	14	5	10	1
1	19	5	10	1
1	2	8	227	0
3	4	16	64	0
3	5	20	64	0
4	6	10	64	0
5	6	14	64	0
6	14	8	110	0
7	9	12	45	0
7	8	9	60	0
9	10	10	60	0
8	10	22	45	0
11	8	9	73	0
11	12	12	45	0
12	10	12	73	0
10	13	8	25	0
16	17	12	61	0
19	20	10	48	0
17	18	10	70	0
20	18	10	70	0
18	15	8	25	0
14	15	8	50	0
14	3	8	50	0
13	21	8	50	0
15	21	8	50	0
3	29	10	30	2
5	27	10	30	2
6	27	10	0	2
9	28	5	10	1
8	43	5	10	1
10	42	5	10	1
19	35	5	10	1
16	33	5	10	1
17	34	5	10	1
18	36	5	10	1
11	45	5	10	1
22	24	20	70	0
22	23	20	70	0
24	25	10	70	0
25	26	10	70	0
23	29	20	70	0
29	28	20	70	0
27	26	14	70	0
27	28	14	70	0
26	37	14	53	0
37	30	10	50	0
37	36	14	30	0
30	35	14	31	0
35	36	10	50	0
35	33	14	73	0
36	34	11	72	0
33	34	16	55	0
33	31	14	81	0
31	32	10	61	0
34	32	11	76	0
28	38	12	60	0
38	40	22	53	0
38	39	22	55	0
39	41	14	40	0
40	41	12	52	0
40	42	12	78	0
41	43	12	72	0
42	44	12	77	0
42	43	22	55	0
43	45	12	76	0
44	45	12	57	0
45	46	12	200	0
47	49	20	70	0
47	48	20	70	0
50	49	10	70	0
50	51	10	70	0
54	48	20	70	0
53	54	20	70	0
52	53	14	70	0
52	51	14	70	0
51	62	14	53	0
62	55	10	50	0
62	61	14	30	0
55	60	14	31	0
60	61	10	50	0
60	58	14	73	0
61	59	11	72	0
58	59	16	55	0
56	57	10	61	0
57	59	11	76	0
72	56	14	76	0
53	63	12	60	0
63	65	22	53	0
63	64	22	55	0
64	66	14	40	0
65	66	12	52	0
65	67	12	78	0
67	68	22	55	0
68	70	12	76	0
69	70	12	57	0
70	71	12	200	0
69	45	5	10	1
67	42	20	30	4
59	34	5	10	1
52	27	10	30	2
48	23	5	10	1
49	24	15	20	3
50	25	20	30	4
71	46	15	20	3
74	73	20	71	0
74	75	20	71	0
87	75	20	73	0
87	78	20	73	0
84	76	10	73	0
84	77	10	71	0
78	77	10	71	0
86	84	10	50	0
86	83	14	72	0
83	85	10	48	0
84	85	10	34	0
85	79	14	67	0
81	80	10	217	0
82	79	10	100	0
81	82	10	61	0
73	49	15	20	3
75	48	5	10	1
78	53	10	30	2
77	52	15	20	3
79	59	10	30	2
80	58	10	30	2
