1	2375
2	2310
3	2270
4	2277
5	3640
6	0
7	3120
8	3238
9	2813
10	2847
11	3593
12	0
13	2484
14	2362
15	3129
16	3458
17	3361
18	3431
19	3326
20	3163
21	2381
22	2903
23	1183
24	3415
25	3709
26	3802
27	3675
28	3771
29	3646
30	2924
31	2310
32	2339
33	2277
34	3728
35	0
36	3120
37	3238
38	2813
39	2847
40	3593
41	0
42	2484
43	2348
44	3129
45	3458
46	3361
47	3454
48	3326
49	3163
50	2381
51	2903
52	1183
53	3415
54	3708
55	3822
56	3675
57	3747
58	3646
59	3583
60	2355
61	2340
62	2277
63	3728
64	0
65	3063
66	3243
67	2814
68	2847
69	3593
70	0
71	2471
72	2348
73	3129
74	3458
75	3361
76	3459
77	3326
78	3163
79	2381
80	2903
81	1183
82	3415
83	3708
84	3822
85	3711
86	3765
87	3673
88	3492
89	2373
90	2325
91	2277
92	3728
93	0
94	3103
95	3238
96	2824
97	2847
98	3593
99	0
100	2494
101	2356
102	3129
103	3458
104	3361
105	3459
106	3326
107	3188
108	2408
109	2903
110	1183
111	3415
112	3709
113	3795
114	3711
115	3757
116	3674
117	2355
118	2355
119	2340
120	2277
121	3728
122	0
123	3121
124	3243
125	2824
126	2847
127	3593
128	0
129	2494
130	2356
131	3129
132	3458
133	3372
134	3459
135	3326
136	3188
137	2408
138	2903
139	1183
140	3415
141	3709
142	3794
143	3711
144	3776
145	3673
146	3492
147	2373
148	2339
149	2277
150	3640
151	0
152	3121
153	3232
154	2824
155	2847
156	3593
157	0
158	2494
159	2356
160	3129
161	3458
162	3367
163	3454
164	3326
165	3188
166	2408
167	2903
168	1183
169	3415
170	3708
171	3822
172	3711
173	3761
174	3674
175	3474
176	2355
177	2325
178	2277
179	3640
180	0
181	3121
182	3245
183	2824
184	2847
185	3593
186	0
187	2494
188	2356
189	3129
190	3458
191	3372
192	3444
193	3326
194	3188
195	2408
196	2903
197	1183
198	3415
199	3709
200	3802
201	3675
202	3761
203	3646
204	3608
205	2373
206	2340
207	2277
208	3728
209	0
210	3121
211	3237
212	2824
213	2847
214	3593
215	0
216	2494
217	2356
218	3129
219	3458
220	3367
221	3461
222	3326
223	3188
224	2408
225	2903
226	1183
227	3415
228	3708
229	3802
230	3675
231	3761
232	3671
233	3583
234	2355
235	2340
236	2277
237	605
238	3121
239	3243
240	2824
241	2847
242	3593
243	0
244	2494
245	2356
246	3410
247	3409
248	3367
249	3461
250	3326
251	3188
252	2408
253	2903
254	1183
255	3415
256	3709
257	3802
258	3675
259	3761
260	3646
261	3492
262	2373
263	2339
264	2277
265	3640
266	0
267	3121
268	3243
269	2824
270	2847
271	3593
272	0
273	2494
274	2356
275	3410
276	3409
277	3357
278	3461
279	3080
280	3188
281	2408
282	2903
283	1183
284	3415
285	3709
286	3802
287	3675
288	3761
289	3671
290	2379
291	2373
292	2339
293	2277
294	3728
295	0
296	3121
297	3232
298	2824
299	2847
300	3593
301	0
302	2494
303	2356
304	3410
305	3409
306	3361
307	3409
308	3326
309	3188
310	2408
311	2903
312	1183
313	3415
314	3709
315	3802
316	3675
317	3761
318	3656
319	3474
320	2355
321	2339
322	2277
323	3728
324	0
325	3121
326	3238
327	2824
328	1160
329	3593
330	0
331	2494
332	2356
333	3410
334	3409
335	3372
336	3409
337	3326
338	3188
339	2408
340	2903
341	1183
342	3415
343	3709
344	3802
345	3675
346	3761
347	3646
348	3474
349	2355
350	2339
351	2277
352	3640
353	0
354	3121
355	3227
356	2824
357	2847
358	3593
359	0
360	2494
361	2356
362	3410
363	3409
364	3374
365	3409
366	3080
367	3188
368	2408
369	2903
370	1183
371	3415
372	3709
373	3802
374	3675
375	3761
376	3674
377	3474
378	2355
379	2339
380	2277
381	3728
382	0
383	3121
384	3238
385	2824
386	2847
387	3593
388	0
389	2494
390	2356
391	3410
392	3409
393	3357
394	3409
395	3080
396	3188
397	2408
398	2903
399	1183
400	3415
401	3708
402	3802
403	3675
404	3761
405	3668
406	1765
407	2373
408	2340
409	2277
410	3728
411	0
412	3121
413	3243
414	2824
415	2847
416	3593
417	0
418	2494
419	2356
420	3410
421	3409
422	3374
423	3409
424	3080
425	3188
426	2408
427	2903
428	1183
429	3415
430	3709
431	3802
432	3675
433	3761
434	3656
435	2373
436	2373
437	2340
438	2277
439	3640
440	0
441	3121
442	3227
443	2824
444	1160
445	3593
446	0
447	2494
448	2356
449	3410
450	3409
451	3372
452	3461
453	3326
454	3188
455	2408
456	2903
457	1183
458	3415
459	3709
460	3802
461	3675
462	3761
463	3674
464	3608
465	2373
466	2340
467	2277
468	3640
469	0
470	3121
471	3238
472	2824
473	2847
474	3593
475	0
476	2494
477	2356
478	3410
479	3409
480	3361
481	3461
482	3326
483	3188
484	2408
485	2903
486	1183
487	3415
488	3708
489	3802
490	3675
491	3761
492	3646
493	2355
494	2355
495	2339
496	2277
497	3728
498	0
499	3121
500	3238
501	2824
502	2847
503	3593
504	0
505	2494
506	2356
507	3410
508	3409
509	3372
510	3444
511	3080
512	3188
513	2404
514	2903
515	1183
516	3415
517	3709
518	3802
519	3675
520	3761
521	3668
522	3583
523	2355
524	2340
525	2277
526	3728
527	0
528	3121
529	3227
530	2824
531	2847
532	3593
533	0
534	2494
535	2356
536	3410
537	3409
538	3357
539	3407
540	3326
541	3189
542	2404
543	2903
544	1183
545	3415
546	3709
547	3802
548	3675
549	3761
550	3674
551	3538
552	2310
553	2326
554	2277
555	3640
556	0
557	3119
558	3238
559	2822
560	1160
561	3593
562	0
563	2494
564	2356
565	3410
566	3409
567	3372
568	3461
569	3326
570	3189
571	2408
572	2903
573	1183
574	3415
575	3708
576	3802
577	3675
578	3761
579	3656
580	2373
581	2373
582	2340
583	2277
584	3728
585	0
586	3119
587	3183
588	2822
589	1160
590	3593
591	0
592	2494
593	2356
594	3410
595	3409
596	3367
597	3461
598	3080
599	3188
600	2408
601	2903
602	1183
603	3415
604	3709
605	3802
606	3675
607	3761
608	3671
609	2969
610	2355
611	2339
612	2277
613	3640
614	0
615	3119
616	3245
617	2824
618	2847
619	3593
620	0
621	2494
622	2356
623	3408
624	3407
625	3374
626	3409
627	3080
628	3188
629	2408
630	2903
631	1183
632	3415
633	3709
634	3802
635	3675
636	3761
637	3645
638	3538
639	2310
640	2326
641	2277
642	3640
643	0
644	3119
645	3243
646	2822
647	2847
648	3593
649	0
650	2494
651	2356
652	3410
653	3409
654	3367
655	3461
656	3326
657	3188
658	2408
659	2903
660	1183
661	3415
662	3709
663	3802
664	3675
665	3761
666	3656
667	2355
668	2355
669	2340
670	2277
671	3728
672	0
673	3119
674	3238
675	2824
676	2847
677	3593
678	0
679	2494
680	2356
681	3410
682	3409
683	3357
684	3407
685	3080
686	3189
687	2404
688	2903
689	1183
690	3415
691	3708
692	3802
693	3675
694	3761
695	3671
696	3583
697	2355
698	2326
699	2277
700	3640
701	0
702	3121
703	3238
704	2822
705	2847
706	3593
707	0
708	2494
709	2356
710	3129
711	3458
712	3372
713	3461
714	3326
715	3189
716	2404
717	2903
718	1183
719	3415
720	3709
721	3802
722	3675
723	3761
724	3656
725	3583
726	2355
727	2340
728	2277
729	3640
730	0
731	3119
732	3183
733	2822
734	2847
735	3593
736	0
737	2494
738	2356
739	3410
740	3409
741	3372
742	3461
743	3080
744	3188
745	2404
746	2903
747	1183
748	3415
749	3708
750	3802
751	3675
752	3761
753	3671
754	2375
755	2310
756	2325
757	2277
758	3728
759	0
760	3119
761	3243
762	2822
763	2847
764	3593
765	0
766	2494
767	2356
768	3410
769	3409
770	3357
771	3459
772	3326
773	3188
774	2404
775	2903
776	1183
777	3415
778	3709
779	3802
780	3675
781	3761
782	3668
783	2355
784	2355
785	2340
786	2277
787	3728
788	0
789	3119
790	3245
791	2822
792	2847
793	3593
794	0
795	2494
796	2356
797	3408
798	3407
799	3367
800	3409
801	3080
802	3188
803	2381
804	2903
805	1183
806	3415
807	3709
808	3802
809	3675
810	3761
811	3656
812	3113
813	2373
814	2339
815	2277
816	3640
817	0
818	3119
819	3245
820	2822
821	2847
822	3593
823	0
824	2494
825	2356
826	3410
827	3409
828	3357
829	3409
830	3167
831	3163
832	2381
833	2903
834	1183
835	3415
836	3709
837	3802
838	3675
839	3761
840	3671
841	2373
842	2373
843	2340
844	2277
845	3640
846	0
847	3119
848	3243
849	2822
850	2847
851	3593
852	0
853	2494
854	2356
855	3129
856	3458
857	3372
858	3461
859	3080
860	3163
861	2381
862	2903
863	1183
864	3415
865	3709
866	3802
867	3675
868	3761
869	3668
870	3608
871	2372
872	2340
873	2277
874	3640
875	0
876	3119
877	3245
878	2822
879	2847
880	3593
881	0
882	2494
883	2356
884	3410
885	3409
886	3374
887	3407
888	3167
889	3163
890	2381
891	2903
892	1183
893	3415
894	3709
895	3802
896	3675
897	3761
898	3656
899	2969
900	2355
901	2325
902	2277
903	3728
904	0
905	3119
906	3243
907	2824
908	2847
909	3593
910	0
911	2494
912	2356
913	3129
914	3458
915	3374
916	3407
917	3167
918	3189
919	2381
920	2903
921	1183
922	3415
923	3709
924	3802
925	3675
926	3761
927	3656
928	2355
929	2355
930	2339
931	2277
932	3728
933	0
934	3119
935	3238
936	2824
937	2847
938	3593
939	0
940	2494
941	2356
942	3129
943	3458
944	3372
945	3407
946	3167
947	3163
948	2381
949	2903
950	1183
951	3415
952	3693
953	3802
954	3675
955	3761
956	3674
957	1765
958	2373
959	2340
960	2277
961	3640
962	0
963	3121
964	3236
965	2822
966	1160
967	3593
968	0
969	2494
970	2356
971	3410
972	3409
973	3374
974	3407
975	3080
976	3163
977	2381
978	2903
979	1183
980	3415
981	3709
982	3802
983	3675
984	3761
985	3656
986	3594
987	2363
988	2340
989	2277
990	3640
991	0
992	3121
993	3243
994	2822
995	2847
996	3593
997	0
998	2494
999	2356
1000	3410
1001	3409
1002	3374
1003	3363
1004	3080
1005	3163
1006	2381
1007	2903
1008	1183
1009	3415
1010	3708
1011	3802
1012	3675
1013	3761
1014	3567
1015	2364
1016	2364
1017	2326
1018	2277
1019	3728
1020	0
1021	3121
1022	3243
1023	2822
1024	2847
1025	3593
1026	0
1027	2494
1028	2356
1029	1541
1030	3462
1031	3357
1032	3363
1033	3080
1034	3163
1035	2381
1036	2903
1037	1183
1038	3415
1039	3709
1040	3802
1041	3675
1042	3761
1043	3567
1044	3474
1045	2355
1046	2339
1047	2277
1048	3728
1049	0
1050	3119
1051	3227
1052	2822
1053	2847
1054	3593
1055	0
1056	2494
1057	2356
1058	1541
1059	3462
1060	3357
1061	3362
1062	3326
1063	3188
1064	2381
1065	2903
1066	1183
1067	3415
1068	3708
1069	3802
1070	3675
1071	3761
1072	3567
1073	3603
1074	2372
1075	2340
1076	2277
1077	3728
1078	0
1079	3119
1080	3238
1081	2822
1082	2847
1083	3593
1084	0
1085	2494
1086	2356
1087	3463
1088	3462
1089	3357
1090	3363
1091	3080
1092	3158
1093	2381
1094	2903
1095	1183
1096	3415
1097	3709
1098	3802
1099	3675
1100	3761
1101	3567
1102	1765
1103	2373
1104	2340
1105	2277
1106	3728
1107	0
1108	3119
1109	3232
1110	2822
1111	2847
1112	3593
1113	0
1114	2494
1115	2356
1116	1541
1117	3462
1118	3374
1119	3362
1120	3167
1121	3188
1122	2381
1123	2903
1124	1183
1125	3415
1126	3709
1127	3802
1128	3675
1129	3761
1130	3567
1131	2365
1132	2364
1133	2325
1134	2277
1135	3728
1136	0
1137	3119
1138	3232
1139	2822
1140	2847
1141	3593
1142	0
1143	2494
1144	2356
1145	1541
1146	3435
1147	3357
1148	3334
1149	3167
1150	3158
1151	2381
1152	2903
1153	1183
1154	3415
1155	3709
1156	3802
1157	3675
1158	3761
1159	3567
1160	3538
1161	2310
1162	2340
1163	2277
1164	3728
1165	0
1166	3119
1167	3232
1168	2822
1169	2847
1170	3593
1171	0
1172	2494
1173	2356
1174	3463
1175	3462
1176	3372
1177	3334
1178	3167
1179	3158
1180	2381
1181	2903
1182	1183
1183	3415
1184	3709
1185	3802
1186	3675
1187	3761
1188	3567
1189	3474
1190	2355
1191	2325
1192	2277
1193	3728
1194	0
1195	3119
1196	3238
1197	2822
1198	2847
1199	3593
1200	0
1201	2494
1202	2356
1203	1541
1204	3462
1205	3357
1206	3334
1207	3167
1208	3158
1209	2381
1210	2903
1211	1183
1212	3415
1213	3709
1214	3802
1215	3675
1216	3761
1217	3567
1218	3594
1219	2363
1220	2340
1221	2277
1222	3640
1223	0
1224	3119
1225	3232
1226	2822
1227	2847
1228	3593
1229	0
1230	2494
1231	2356
1232	3463
1233	3462
1234	3374
1235	3363
1236	3326
1237	3163
1238	2381
1239	2903
1240	1183
1241	3415
1242	3709
1243	3802
1244	3675
1245	3761
1246	3567
1247	2364
1248	2364
1249	2340
1250	2277
1251	3728
1252	0
1253	3119
1254	3243
1255	2827
1256	2847
1257	3593
1258	0
1259	2494
1260	2356
1261	1541
1262	3462
1263	3357
1264	3363
1265	3167
1266	3158
1267	2381
1268	2903
1269	1183
1270	3415
1271	3709
1272	3802
1273	3675
1274	3757
1275	3567
1276	3608
1277	2373
1278	2326
1279	2277
1280	3728
1281	0
1282	3119
1283	3243
1284	2822
1285	2847
1286	3593
1287	0
1288	2494
1289	2356
1290	3463
1291	3462
1292	3375
1293	3362
1294	3167
1295	3158
1296	2381
1297	2903
1298	1183
1299	3415
1300	3709
1301	3802
1302	3675
1303	3761
1304	3567
1305	2365
1306	2364
1307	2339
1308	2277
1309	3728
1310	0
1311	3124
1312	3232
1313	2827
1314	2847
1315	3593
1316	0
1317	2494
1318	2356
1319	1541
1320	3462
1321	3375
1322	3362
1323	3167
1324	3158
1325	2381
1326	2903
1327	1183
1328	3415
1329	3709
1330	3802
1331	3675
1332	3761
1333	3567
1334	2924
1335	2310
1336	2339
1337	2277
1338	3728
1339	0
1340	3119
1341	3232
1342	2822
1343	2847
1344	3593
1345	0
1346	2494
1347	2356
1348	1541
1349	3462
1350	3372
1351	3334
1352	3167
1353	3185
1354	2381
1355	2903
1356	1183
1357	3415
1358	3709
1359	3802
1360	3675
1361	3761
1362	3567
1363	2365
1364	2364
1365	2326
1366	2277
1367	3728
1368	0
1369	3119
1370	3243
1371	2827
1372	2847
1373	3593
1374	0
1375	2494
1376	2356
1377	1541
1378	3462
1379	3357
1380	3362
1381	3326
1382	3189
1383	2381
1384	2903
1385	1183
1386	3415
1387	3709
1388	3802
1389	3675
1390	3761
1391	3567
1392	3592
1393	2363
1394	2339
1395	2277
1396	3728
1397	0
1398	3121
1399	3232
1400	2827
1401	3563
1402	3593
1403	0
1404	2494
1405	2356
1406	1541
1407	3462
1408	3375
1409	3362
1410	3080
1411	3185
1412	2404
1413	2903
1414	1183
1415	3415
1416	3709
1417	3802
1418	3675
1419	3761
1420	3567
1421	3474
1422	2355
1423	2349
1424	2277
1425	3728
1426	0
1427	3124
1428	3236
1429	2822
1430	2847
1431	3593
1432	0
1433	2494
1434	2356
1435	1541
1436	3462
1437	3372
1438	3334
1439	3167
1440	3158
1441	2381
1442	2903
1443	1183
1444	3415
1445	3709
1446	3802
1447	3675
1448	3761
1449	3597
1450	2365
1451	2364
1452	2339
1453	2277
1454	3640
1455	0
1456	3119
1457	3243
1458	2822
1459	2847
1460	3593
1461	0
1462	2494
1463	2356
1464	3463
1465	3462
1466	3375
1467	3362
1468	3167
1469	3163
1470	2381
1471	2903
1472	1183
1473	3415
1474	3709
1475	3802
1476	3675
1477	3761
1478	3567
1479	3592
1480	2363
1481	2326
1482	2277
1483	3728
1484	0
1485	3119
1486	3232
1487	2827
1488	2847
1489	3593
1490	0
1491	2494
1492	2356
1493	1541
1494	3462
1495	3373
1496	3362
1497	3167
1498	3185
1499	2381
1500	2903
1501	1183
1502	3415
1503	3709
1504	3812
1505	3675
1506	3761
1507	3567
1508	2365
1509	2364
1510	2339
1511	2277
1512	3728
1513	0
1514	3119
1515	3243
1516	2822
1517	2847
1518	3593
1519	0
1520	2494
1521	2356
1522	1541
1523	3462
1524	3373
1525	3362
1526	3167
1527	3158
1528	2381
1529	2903
1530	1183
1531	3415
1532	3709
1533	3812
1534	3675
1535	3761
1536	3595
1537	3608
1538	2373
1539	2326
1540	2277
1541	3728
1542	0
1543	3121
1544	3237
1545	2827
1546	3563
1547	3593
1548	0
1549	2494
1550	2356
1551	1541
1552	3462
1553	3373
1554	3362
1555	3080
1556	3158
1557	2408
1558	2903
1559	1183
1560	3415
1561	3709
1562	3812
1563	3675
1564	3761
1565	3567
1566	3104
1567	2364
1568	2339
1569	2277
1570	3728
1571	0
1572	3119
1573	3246
1574	2822
1575	2847
1576	3593
1577	0
1578	2494
1579	2356
1580	1541
1581	3462
1582	3373
1583	3362
1584	3167
1585	3185
1586	2381
1587	2903
1588	1183
1589	3415
1590	3699
1591	3812
1592	3675
1593	3761
1594	3567
1595	3592
1596	2363
1597	2339
1598	2277
1599	3728
1600	0
1601	3121
1602	3244
1603	2827
1604	2847
1605	3593
1606	0
1607	2494
1608	2356
1609	1541
1610	3462
1611	3357
1612	3363
1613	3080
1614	3158
1615	2381
1616	2903
1617	1183
1618	3415
1619	3709
1620	3812
1621	3675
1622	3761
1623	3567
1624	3608
1625	2372
1626	2340
1627	2277
1628	3728
1629	0
1630	3121
1631	3243
1632	2827
1633	2847
1634	3593
1635	0
1636	2494
1637	2356
1638	1541
1639	3462
1640	3357
1641	3362
1642	3080
1643	3189
1644	2381
1645	2903
1646	1183
1647	3415
1648	3709
1649	3812
1650	3675
1651	3765
1652	3567
1653	2375
1654	2310
1655	2340
1656	2277
1657	3640
1658	0
1659	3124
1660	3243
1661	2827
1662	2847
1663	3593
1664	0
1665	2494
1666	2356
1667	1541
1668	3462
1669	3374
1670	3334
1671	3167
1672	3158
1673	2381
1674	2903
1675	1183
1676	3415
1677	3709
1678	3812
1679	3675
1680	3765
1681	3597
1682	3538
1683	2310
1684	2326
1685	2277
1686	3640
1687	0
1688	3119
1689	3246
1690	2824
1691	2847
1692	3593
1693	0
1694	2494
1695	2356
1696	1541
1697	3462
1698	3375
1699	3363
1700	3167
1701	3158
1702	2381
1703	2903
1704	1183
1705	3415
1706	3699
1707	3812
1708	3675
1709	3765
1710	3567
1711	3474
1712	2355
1713	2339
1714	2277
1715	3728
1716	0
1717	3119
1718	3237
1719	2822
1720	3563
1721	3593
1722	0
1723	2494
1724	2356
1725	1541
1726	3462
1727	3357
1728	3334
1729	3167
1730	3158
1731	2381
1732	2903
1733	1183
1734	3415
1735	3699
1736	3812
1737	3675
1738	3765
1739	3567
1740	2924
1741	2310
1742	2339
1743	2277
1744	3640
1745	0
1746	3124
1747	3244
1748	2822
1749	2847
1750	3593
1751	0
1752	2494
1753	2356
1754	3463
1755	3462
1756	3375
1757	3334
1758	3167
1759	3163
1760	2381
1761	2903
1762	1183
1763	3415
1764	3699
1765	3802
1766	3675
1767	3765
1768	3567
1769	2364
1770	2364
1771	2326
1772	2277
1773	3640
1774	0
1775	3119
1776	3243
1777	2824
1778	3563
1779	3593
1780	0
1781	2494
1782	2356
1783	1541
1784	3462
1785	3375
1786	3334
1787	3167
1788	3158
1789	2381
1790	2903
1791	1183
1792	3415
1793	3699
1794	3812
1795	3675
1796	3765
1797	3595
1798	2364
1799	2364
1800	2340
1801	2277
1802	3640
1803	0
1804	3119
1805	3243
1806	2824
1807	3563
1808	3593
1809	0
1810	2494
1811	2356
1812	1541
1813	3435
1814	3158
1815	3334
1816	3167
1817	3186
1818	2381
1819	2903
1820	1183
1821	3415
1822	3699
1823	3812
1824	3675
1825	3765
1826	3567
1827	2379
1828	2373
1829	2339
1830	2277
1831	3640
1832	0
1833	3121
1834	3232
1835	2824
1836	2847
1837	3593
1838	0
1839	2494
1840	2356
1841	1541
1842	3435
1843	3375
1844	3363
1845	3167
1846	3158
1847	2381
1848	2903
1849	1183
1850	3415
1851	3699
1852	3802
1853	3675
1854	3757
1855	3567
1856	3104
1857	2364
1858	2325
1859	2277
1860	3640
1861	0
1862	3121
1863	3243
1864	2824
1865	3563
1866	3593
1867	0
1868	2494
1869	2356
1870	3463
1871	3462
1872	3158
1873	3334
1874	3167
1875	3189
1876	2381
1877	2903
1878	1183
1879	3415
1880	3699
1881	3812
1882	3675
1883	3761
1884	3567
1885	3538
1886	2310
1887	2340
1888	2277
1889	3640
1890	0
1891	3119
1892	3232
1893	2824
1894	2847
1895	3593
1896	0
1897	2494
1898	2356
1899	1541
1900	3462
1901	3158
1902	3334
1903	3167
1904	3158
1905	2381
1906	2903
1907	1183
1908	3415
1909	3709
1910	3812
1911	3675
1912	3765
1913	3595
1914	1765
1915	2373
1916	2326
1917	2277
1918	3640
1919	0
1920	3121
1921	3243
1922	2824
1923	3496
1924	3820
1925	2494
1926	2356
1927	1541
1928	3435
1929	3357
1930	3363
1931	3167
1932	3158
1933	2381
1934	2903
1935	1183
1936	3415
1937	3699
1938	3812
1939	3675
1940	3761
1941	3567
1942	2924
1943	2310
1944	2339
1945	2277
1946	3640
1947	0
1948	3119
1949	3238
1950	2824
1951	2847
1952	3593
1953	0
1954	2494
1955	2356
1956	1541
1957	3462
1958	3158
1959	3362
1960	3167
1961	3158
1962	2381
1963	2903
1964	1183
1965	3415
1966	3699
1967	3812
1968	3675
1969	3761
1970	3567
1971	3199
1972	2364
1973	2349
1974	2277
1975	3728
1976	0
1977	3121
1978	3232
1979	2824
1980	2847
1981	3593
1982	0
1983	2494
1984	2356
1985	1541
1986	3435
1987	3375
1988	3334
1989	3080
1990	3163
1991	2381
1992	2903
1993	1183
1994	3415
1995	3699
1996	3812
1997	3675
1998	3765
1999	3597
2000	2924
2001	2310
2002	2339
2003	2277
2004	3640
2005	0
2006	3121
2007	3244
2008	2824
2009	2847
2010	3593
2011	0
2012	2494
2013	2356
2014	1541
2015	3462
2016	3158
2017	3334
2018	3080
2019	3158
2020	2381
2021	2903
2022	1183
2023	3415
2024	3699
2025	3812
2026	3675
2027	3765
2028	3597
2029	2364
2030	2364
2031	2326
2032	2277
2033	3640
2034	0
2035	3119
2036	3232
2037	2824
2038	2847
2039	3593
2040	0
2041	2494
2042	2356
2043	1541
2044	3462
2045	3158
2046	3334
2047	3167
2048	3158
2049	2408
2050	2903
2051	1183
2052	3415
2053	3699
2054	3802
2055	3675
2056	3761
2057	3567
2058	3538
2059	2310
2060	2340
2061	2277
2062	3728
2063	0
2064	3119
2065	3232
2066	2827
2067	2847
2068	3593
2069	0
2070	2494
2071	2356
2072	3463
2073	3462
2074	3158
2075	3363
2076	3167
2077	3186
2078	2381
2079	2903
2080	1183
2081	3415
2082	3699
2083	3812
2084	3675
2085	3761
2086	3597
2087	2924
2088	2310
2089	2339
2090	2277
2091	3640
2092	0
2093	3121
2094	3232
2095	2827
2096	2847
2097	3593
2098	0
2099	2494
2100	2356
2101	3463
2102	3462
2103	3375
2104	3334
2105	3080
2106	3163
2107	2381
2108	2903
2109	1183
2110	3415
2111	3699
2112	3812
2113	3675
2114	3765
2115	3597
2116	3583
2117	2355
2118	2326
2119	2277
2120	3640
2121	0
2122	3124
2123	3232
2124	2827
2125	2847
2126	3593
2127	0
2128	2494
2129	2356
2130	3463
2131	3462
2132	3158
2133	3363
2134	3080
2135	3158
2136	2408
2137	2903
2138	1183
2139	3415
2140	3708
2141	3802
2142	3711
2143	3761
2144	3595
2145	2364
2146	2364
2147	2326
2148	2277
2149	3728
2150	0
2151	3121
2152	3232
2153	2827
2154	2847
2155	3593
2156	0
2157	2494
2158	2356
2159	3463
2160	3462
2161	3372
2162	3334
2163	3080
2164	3158
2165	2381
2166	2903
2167	1183
2168	3415
2169	3699
2170	3812
2171	3675
2172	3765
2173	3567
2174	2924
2175	2310
2176	2349
2177	2277
2178	3728
2179	0
2180	3121
2181	3232
2182	2827
2183	2847
2184	3593
2185	0
2186	2494
2187	2356
2188	1541
2189	3435
2190	3372
2191	3334
2192	3080
2193	3185
2194	2404
2195	2903
2196	1183
2197	3415
2198	3699
2199	3812
2200	3675
2201	3757
2202	3597
2203	2355
2204	2355
2205	2326
2206	2277
2207	3728
2208	0
2209	3119
2210	3232
2211	2822
2212	2847
2213	3593
2214	0
2215	2494
2216	2356
2217	3463
2218	3462
2219	3372
2220	3334
2221	3326
2222	3186
2223	2404
2224	2903
2225	1183
2226	3415
2227	3699
2228	3802
2229	3675
2230	3765
2231	3597
2232	3113
2233	2373
2234	2339
2235	2277
2236	3728
2237	0
2238	3121
2239	3232
2240	2827
2241	2847
2242	3593
2243	0
2244	2494
2245	2356
2246	1541
2247	3435
2248	3158
2249	3362
2250	3167
2251	3186
2252	2404
2253	2903
2254	1183
2255	3415
2256	3699
2257	3812
2258	3675
2259	3761
2260	3597
2261	2364
2262	2364
2263	2326
2264	2277
2265	3640
2266	0
2267	3121
2268	3232
2269	2824
2270	2847
2271	3593
2272	0
2273	2494
2274	2356
2275	3463
2276	3462
2277	3372
2278	3363
2279	3080
2280	3189
2281	2404
2282	2903
2283	1183
2284	3415
2285	3699
2286	3812
2287	3675
2288	3765
2289	3595
2290	3600
2291	2371
2292	2339
2293	2277
2294	3640
2295	0
2296	3121
2297	3232
2298	2824
2299	2847
2300	3593
2301	0
2302	2494
2303	2356
2304	1541
2305	3435
2306	3357
2307	3334
2308	3080
2309	3158
2310	2404
2311	2903
2312	1183
2313	3415
2314	3699
2315	3812
2316	3675
2317	3765
2318	3595
2319	3538
2320	2310
2321	2340
2322	2277
2323	3728
2324	0
2325	3119
2326	3232
2327	2824
2328	2847
2329	3593
2330	0
2331	2494
2332	2356
2333	1541
2334	3462
2335	3158
2336	3334
2337	3167
2338	3158
2339	2381
2340	2903
2341	1183
2342	3415
2343	3699
2344	3812
2345	3675
2346	3765
2347	3567
2348	3491
2349	2372
2350	2325
2351	2277
2352	3640
2353	0
2354	3121
2355	3232
2356	2824
2357	2847
2358	3593
2359	0
2360	2494
2361	2356
2362	3463
2363	3462
2364	3158
2365	3334
2366	3167
2367	3158
2368	2381
2369	2903
2370	1183
2371	3415
2372	3699
2373	3812
2374	3675
2375	3765
2376	3567
2377	3499
2378	2380
2379	2339
2380	2277
2381	3640
2382	0
2383	3119
2384	3232
2385	2824
2386	2847
2387	3593
2388	0
2389	2494
2390	2356
2391	1541
2392	3435
2393	3158
2394	3334
2395	3167
2396	3163
2397	2408
2398	2903
2399	1183
2400	3415
2401	3699
2402	3812
2403	3675
2404	3765
2405	3567
2406	3608
2407	2373
2408	2340
2409	2277
2410	3640
2411	0
2412	3121
2413	3232
2414	2824
2415	2847
2416	3593
2417	0
2418	2494
2419	2356
2420	1541
2421	3435
2422	3374
2423	3334
2424	3326
2425	3158
2426	2381
2427	2903
2428	1183
2429	3415
2430	3699
2431	3812
2432	3675
2433	3765
2434	3597
2435	3544
2436	2316
2437	2340
2438	2277
2439	3728
2440	0
2441	3121
2442	3224
2443	2824
2444	2847
2445	3593
2446	0
2447	2494
2448	2356
2449	1541
2450	3435
2451	3158
2452	3334
2453	3167
2454	3158
2455	2381
2456	2903
2457	1183
2458	3415
2459	3699
2460	3812
2461	3675
2462	3765
2463	3567
2464	3492
2465	2372
2466	2339
2467	2277
2468	3728
2469	0
2470	3119
2471	3232
2472	2827
2473	2847
2474	3593
2475	0
2476	2494
2477	2356
2478	1541
2479	3435
2480	3357
2481	3334
2482	3326
2483	3158
2484	2381
2485	2903
2486	1183
2487	3415
2488	3699
2489	3812
2490	3675
2491	3765
2492	3567
2493	3583
2494	2355
2495	2326
2496	2277
2497	3728
2498	0
2499	3121
2500	3232
2501	2827
2502	2847
2503	3593
2504	0
2505	2494
2506	2356
2507	3463
2508	3462
2509	3158
2510	3362
2511	3167
2512	3163
2513	2381
2514	2903
2515	1183
2516	3415
2517	3699
2518	3812
2519	3675
2520	3765
2521	3567
2522	3544
2523	2316
2524	2326
2525	2277
2526	3728
2527	0
2528	3119
2529	3232
2530	2827
2531	2847
2532	3593
2533	0
2534	2494
2535	2356
2536	1541
2537	3462
2538	3158
2539	3334
2540	3167
2541	3158
2542	2381
2543	2903
2544	1183
2545	3415
2546	3699
2547	3802
2548	3675
2549	3765
2550	3597
2551	3507
2552	2383
2553	2339
2554	2277
2555	3728
2556	0
2557	3124
2558	3232
2559	2824
2560	2847
2561	3593
2562	0
2563	2494
2564	2356
2565	1541
2566	3462
2567	3361
2568	3363
2569	3326
2570	3158
2571	2404
2572	2903
2573	1183
2574	3415
2575	3699
2576	3812
2577	3675
2578	3765
2579	3595
2580	3474
2581	2355
2582	2270
2583	2277
2584	3728
2585	0
2586	3121
2587	3232
2588	2824
2589	2847
2590	3593
2591	0
2592	2494
2593	2356
2594	1541
2595	3462
2596	3372
2597	3362
2598	3326
2599	3186
2600	2381
2601	2903
2602	1183
2603	3415
2604	3699
2605	3812
2606	3675
2607	3765
2608	3597
2609	3507
2610	2383
2611	2339
2612	2277
2613	3728
2614	0
2615	3121
2616	3224
2617	2824
2618	2847
2619	3593
2620	0
2621	2494
2622	2356
2623	1541
2624	3462
2625	3158
2626	3362
2627	3167
2628	3189
2629	2381
2630	2903
2631	1183
2632	3415
2633	3699
2634	3812
2635	3675
2636	3765
2637	3567
2638	2930
2639	2316
2640	2325
2641	2277
2642	3728
2643	0
2644	3121
2645	3232
2646	2824
2647	2847
2648	3593
2649	0
2650	2494
2651	2356
2652	1541
2653	3462
2654	3158
2655	3362
2656	3167
2657	3186
2658	2404
2659	2903
2660	1183
2661	3415
2662	3679
2663	3812
2664	3675
2665	3765
2666	3595
2667	2365
2668	2364
2669	2338
2670	2277
2671	3728
2672	0
2673	3119
2674	3232
2675	2824
2676	2847
2677	3593
2678	0
2679	2494
2680	2356
2681	1541
2682	3462
2683	3361
2684	3362
2685	3080
2686	3158
2687	2381
2688	2903
2689	1183
2690	3415
2691	3699
2692	3812
2693	3675
2694	3765
2695	3567
2696	3659
2697	2383
2698	2340
2699	2277
2700	3728
2701	0
2702	3121
2703	3232
2704	2824
2705	2847
2706	3593
2707	0
2708	2494
2709	2356
2710	1541
2711	3462
2712	3361
2713	3362
2714	3326
2715	3158
2716	2381
2717	2903
2718	1183
2719	3415
2720	3679
2721	3812
2722	3675
2723	3765
2724	3567
2725	3653
2726	2378
2727	2349
2728	2277
2729	3728
2730	0
2731	3121
2732	3232
2733	2824
2734	2847
2735	3593
2736	0
2737	2494
2738	2356
2739	1541
2740	3462
2741	3361
2742	3363
2743	3326
2744	3158
2745	2381
2746	2903
2747	1183
2748	3415
2749	3679
2750	3812
2751	3675
2752	3765
2753	3597
2754	2930
2755	2316
2756	2339
2757	2277
2758	3728
2759	0
2760	3119
2761	3232
2762	2824
2763	2847
2764	3593
2765	0
2766	2494
2767	2356
2768	1541
2769	3462
2770	3361
2771	3334
2772	3326
2773	3158
2774	2381
2775	2903
2776	1183
2777	3415
2778	3699
2779	3812
2780	3675
2781	3765
2782	3567
2783	3659
2784	2383
2785	2340
2786	2277
2787	3728
2788	0
2789	3121
2790	3232
2791	2824
2792	2847
2793	3593
2794	0
2795	2494
2796	2356
2797	3463
2798	3462
2799	3372
2800	3363
2801	3080
2802	3158
2803	2381
2804	2903
2805	1183
2806	3415
2807	3679
2808	3812
2809	3675
2810	3757
2811	3567
2812	2364
2813	2364
2814	2340
2815	2277
2816	3640
2817	0
2818	3119
2819	3224
2820	2824
2821	2847
2822	3593
2823	0
2824	2494
2825	2356
2826	1541
2827	3435
2828	3372
2829	3334
2830	3080
2831	3158
2832	2381
2833	2903
2834	1183
2835	3415
2836	3679
2837	3812
2838	3675
2839	3757
2840	3595
2841	2930
2842	2316
2843	2339
2844	2277
2845	3640
2846	0
2847	3119
2848	3224
2849	2827
2850	2847
2851	3593
2852	0
2853	2494
2854	2356
2855	3463
2856	3462
2857	3372
2858	3334
2859	3080
2860	3158
2861	2381
2862	2903
2863	1183
2864	3415
2865	3679
2866	3802
2867	3675
2868	3765
2869	3567
2870	3659
2871	2383
2872	2340
2873	2277
2874	3728
2875	0
2876	3119
2877	3224
2878	2824
2879	2847
2880	3593
2881	0
2882	2494
2883	2356
2884	3463
2885	3462
2886	3372
2887	3334
2888	3080
2889	3158
2890	2381
2891	2903
2892	1183
2893	3415
2894	3708
2895	3822
2896	3675
2897	3776
2898	3567
2899	3538
2900	2310
2901	2340
2902	2277
2903	3640
2904	0
2905	3124
2906	3232
2907	2827
2908	2847
2909	3593
2910	0
2911	2494
2912	2356
2913	1541
2914	3435
2915	3361
2916	3334
2917	3326
2918	3158
2919	2381
2920	2903
2921	1183
2922	3415
2923	3709
2924	3812
2925	3675
2926	3765
2927	3567
2928	2355
2929	2355
2930	2340
2931	2277
2932	3728
2933	0
2934	3121
2935	3224
2936	2824
2937	2847
2938	3593
2939	0
2940	2494
2941	2356
2942	1541
2943	3435
2944	3361
2945	3334
2946	3080
2947	3158
2948	2381
2949	2903
2950	1183
2951	3415
2952	3679
2953	3812
2954	3675
2955	3765
2956	3567
2957	3600
2958	2371
2959	2340
2960	2277
2961	3640
2962	0
2963	3124
2964	3232
2965	2824
2966	2847
2967	3593
2968	0
2969	2494
2970	2356
2971	1541
2972	3435
2973	3361
2974	3334
2975	3080
2976	3158
2977	2381
2978	2903
2979	1183
2980	3415
2981	3679
2982	3812
2983	3675
2984	3776
2985	3567
2986	3659
2987	2383
2988	2340
2989	2277
2990	3640
2991	0
2992	3124
2993	3224
2994	2827
2995	2847
2996	3593
2997	0
2998	2494
2999	2356
3000	3463
3001	3462
3002	3361
3003	3334
3004	3080
3005	3158
3006	2381
3007	2903
3008	1183
3009	3415
3010	3679
3011	3812
3012	3711
3013	3765
3014	3567
3015	2364
3016	2364
3017	2340
3018	2277
3019	3640
3020	0
3021	3124
3022	3224
3023	2827
3024	2847
3025	3593
3026	0
3027	2494
3028	2356
3029	1541
3030	3462
3031	3372
3032	3334
3033	3080
3034	3158
3035	2381
3036	2903
3037	1183
3038	3415
3039	3679
3040	3822
3041	3711
3042	3765
3043	3567
3044	2924
3045	2310
3046	2270
3047	2277
3048	3640
3049	0
3050	3124
3051	3224
3052	2824
3053	2847
3054	3593
3055	0
3056	2494
3057	2356
3058	1541
3059	3462
3060	3361
3061	3334
3062	3080
3063	3158
3064	2381
3065	2903
3066	1183
3067	3415
3068	3679
3069	3822
3070	3711
3071	3776
3072	3567
3073	3600
3074	2371
3075	2340
3076	2277
3077	3728
3078	0
3079	3121
3080	3224
3081	2822
3082	2847
3083	3593
3084	0
3085	2494
3086	2356
3087	1541
3088	3435
3089	3361
3090	3362
3091	3080
3092	3158
3093	2381
3094	2903
3095	1183
3096	3415
3097	3679
3098	3812
3099	3711
3100	3765
3101	3567
3102	2930
3103	2316
3104	2338
3105	2277
3106	3728
3107	0
3108	3124
3109	3232
3110	2827
3111	2847
3112	3593
3113	0
3114	2494
3115	2356
3116	1541
3117	3435
3118	3361
3119	3334
3120	3080
3121	3158
3122	2381
3123	2903
3124	1183
3125	3415
3126	3679
3127	3812
3128	3675
3129	3776
3130	3567
3131	2355
3132	2355
3133	2340
3134	2277
3135	3640
3136	0
3137	3124
3138	3224
3139	2824
3140	2847
3141	3593
3142	0
3143	2494
3144	2356
3145	1541
3146	3462
3147	3361
3148	3334
3149	3326
3150	3158
3151	2381
3152	2903
3153	1183
3154	3415
3155	3679
3156	3812
3157	3711
3158	3776
3159	3567
3160	3653
3161	2378
3162	2334
3163	2277
3164	3640
3165	0
3166	3124
3167	3224
3168	2827
3169	2847
3170	3593
3171	0
3172	2494
3173	2356
3174	1541
3175	3435
3176	3361
3177	3334
3178	3080
3179	3158
3180	2381
3181	2903
3182	1183
3183	3415
3184	3679
3185	3812
3186	3711
3187	3765
3188	3567
3189	3583
3190	2355
3191	2340
3192	2277
3193	3728
3194	0
3195	3119
3196	3232
3197	2827
3198	2847
3199	3593
3200	0
3201	2494
3202	2356
3203	1541
3204	3435
3205	3361
3206	3334
3207	3080
3208	3158
3209	2381
3210	2903
3211	1183
3212	3415
3213	3679
3214	3812
3215	3711
3216	3765
3217	3567
3218	2988
3219	2374
3220	2338
3221	2277
3222	3640
3223	0
3224	3121
3225	3224
3226	2827
3227	2847
3228	3593
3229	0
3230	2494
3231	2356
3232	1541
3233	3435
3234	3361
3235	3334
3236	3326
3237	3158
3238	2381
3239	2903
3240	1183
3241	3415
3242	3709
3243	3822
3244	3711
3245	3765
3246	3567
3247	2375
3248	2310
3249	2339
3250	2277
3251	3728
3252	0
3253	3124
3254	3224
3255	2824
3256	2847
3257	3593
3258	0
3259	2494
3260	2356
3261	1541
3262	3435
3263	3361
3264	3334
3265	3167
3266	3158
3267	2381
3268	2903
3269	1183
3270	3415
3271	3699
3272	3822
3273	3711
3274	3765
3275	3567
3276	2988
3277	2374
3278	2339
3279	2277
3280	3640
3281	0
3282	3121
3283	3232
3284	2824
3285	2847
3286	3593
3287	0
3288	2494
3289	2356
3290	1541
3291	3435
3292	3372
3293	3334
3294	3167
3295	3158
3296	2381
3297	2903
3298	1183
3299	3415
3300	3679
3301	3822
3302	3675
3303	3765
3304	3567
3305	3653
3306	2378
3307	2334
3308	2277
3309	3640
3310	0
3311	3124
3312	3232
3313	2824
3314	2847
3315	3593
3316	0
3317	2494
3318	2356
3319	1541
3320	3435
3321	3361
3322	3334
3323	3080
3324	3158
3325	2381
3326	2903
3327	1183
3328	3415
3329	3679
3330	3822
3331	3675
3332	3765
3333	3567
3334	2355
3335	2355
3336	2340
3337	2277
3338	3728
3339	0
3340	3121
3341	3232
3342	2827
3343	2847
3344	3593
3345	0
3346	2494
3347	2356
3348	1541
3349	3435
3350	3372
3351	3363
3352	3080
3353	3158
3354	2381
3355	2903
3356	1183
3357	3415
3358	3699
3359	3812
3360	3711
3361	3776
3362	3597
3363	2988
3364	2374
3365	2270
3366	2277
3367	3640
3368	0
3369	3124
3370	3224
3371	2822
3372	2847
3373	3593
3374	0
3375	2494
3376	2356
3377	1541
3378	3435
3379	3372
3380	3334
3381	3080
3382	3158
3383	2381
3384	2903
3385	1183
3386	3415
3387	3679
3388	3812
3389	3711
3390	3765
3391	3567
3392	2988
3393	2374
3394	2270
3395	2277
3396	3728
3397	0
3398	3124
3399	3232
3400	2822
3401	2847
3402	3593
3403	0
3404	2494
3405	2356
3406	1541
3407	3435
3408	3361
3409	3334
3410	3080
3411	3158
3412	2381
3413	2903
3414	1183
3415	3415
3416	3699
3417	3812
3418	3711
3419	3757
3420	3567
3421	2924
3422	2310
3423	2270
3424	2277
3425	3640
3426	0
3427	3124
3428	3243
3429	2827
3430	2847
3431	3593
3432	0
3433	2494
3434	2356
3435	1541
3436	3435
3437	3361
3438	3334
3439	3080
3440	3158
3441	2381
3442	2903
3443	1183
3444	3415
3445	3699
3446	3812
3447	3711
3448	3761
3449	3567
3450	2930
3451	2316
3452	2270
3453	2277
3454	3640
3455	0
3456	3121
3457	3224
3458	2822
3459	2847
3460	3593
3461	0
3462	2494
3463	2356
3464	1541
3465	3435
3466	3361
3467	3334
3468	3167
3469	3158
3470	2381
3471	2903
3472	1183
3473	3415
3474	3679
3475	3812
3476	3711
3477	3776
3478	3567
3479	3538
3480	2310
3481	2281
3482	2277
3483	3640
3484	0
3485	3121
3486	3232
3487	2827
3488	2847
3489	3593
3490	0
3491	2494
3492	2356
3493	1541
3494	3435
3495	3361
3496	3334
3497	3167
3498	3158
3499	2381
3500	2903
3501	1183
3502	3415
3503	3699
3504	3802
3505	3711
3506	3761
3507	3567
3508	3538
3509	2310
3510	2281
3511	2277
3512	3640
3513	0
3514	3108
3515	3232
3516	2814
3517	2847
3518	3593
3519	0
3520	2494
3521	2356
3522	1541
3523	3435
3524	3372
3525	3334
3526	3167
3527	3158
3528	2381
3529	2903
3530	1183
3531	3415
3532	3709
3533	3822
3534	3711
3535	3765
3536	3567
3537	3538
3538	2310
3539	2281
3540	2277
3541	3640
3542	0
3543	3063
3544	3224
3545	2768
3546	2847
3547	3593
3548	0
3549	2494
3550	2356
3551	1541
3552	3435
3553	3361
3554	3334
3555	3167
3556	3158
3557	2381
3558	2903
3559	1183
3560	3415
3561	3640
3562	3812
3563	3675
3564	3757
3565	3567
3566	2924
3567	2310
3568	2281
3569	2277
3570	3728
3571	0
3572	3059
3573	3232
3574	2745
3575	2847
3576	3593
3577	0
3578	2494
3579	2356
3580	1541
3581	3435
3582	3372
3583	3334
3584	3080
3585	3158
3586	2341
3587	2903
3588	1183
3589	3415
3590	3699
3591	3822
3592	3675
3593	3765
3594	3567
3595	3538
3596	2310
3597	2281
3598	2277
3599	3640
3600	0
3601	3108
3602	3224
3603	2814
3604	2847
3605	3593
3606	0
3607	2494
3608	2356
3609	1541
3610	3435
3611	3361
3612	3334
3613	3167
3614	3158
3615	2341
3616	2903
3617	1183
3618	3415
3619	3679
3620	3812
3621	3711
3622	3761
3623	3671
3624	2924
3625	2310
3626	2281
3627	2277
3628	3728
3629	0
3630	3062
3631	3183
3632	2824
3633	2847
3634	3593
3635	0
3636	2494
3637	2356
3638	3570
3639	3395
3640	3361
3641	3459
3642	3167
3643	3158
3644	2381
3645	2903
3646	1183
3647	3415
3648	3699
3649	3822
3650	3675
3651	3761
3652	3671
3653	2924
3654	2310
3655	2281
3656	2277
3657	3728
3658	0
3659	3108
3660	3224
3661	2765
3662	2847
3663	3593
3664	0
3665	2494
3666	2356
3667	3408
3668	3407
3669	3361
3670	3334
3671	3080
3672	3158
3673	2381
3674	2903
3675	1183
3676	3415
3677	3709
3678	3802
3679	3675
3680	3761
3681	3671
3682	2930
3683	2316
3684	2281
3685	2277
3686	3728
3687	0
3688	3059
3689	3232
3690	2814
3691	2847
3692	3593
3693	0
3694	2494
3695	2356
3696	3636
3697	3472
3698	3361
3699	3448
3700	3326
3701	3158
3702	2381
3703	2903
3704	1183
3705	3415
3706	3699
3707	3802
3708	3675
3709	3761
3710	3671
3711	3538
3712	2310
3713	2281
3714	2277
3715	3640
3716	0
3717	3059
3718	3183
3719	2728
3720	2847
3721	3593
3722	0
3723	2494
3724	2356
3725	3636
3726	3462
3727	3361
3728	3448
3729	3326
3730	3158
3731	2381
3732	2903
3733	1183
3734	3415
3735	3709
3736	3802
3737	3675
3738	3761
3739	3671
3740	2930
3741	2316
3742	2281
3743	2277
3744	3640
3745	0
3746	3108
3747	3224
3748	2768
3749	2847
3750	3593
3751	0
3752	2494
3753	2356
3754	1541
3755	3412
3756	3361
3757	3399
3758	3326
3759	3158
3760	2381
3761	2903
3762	1183
3763	3415
3764	3709
3765	3802
3766	3675
3767	3761
3768	3671
3769	3538
3770	2310
3771	2281
3772	2277
3773	3640
3774	0
3775	3119
3776	3224
3777	2765
3778	2847
3779	3593
3780	0
3781	2494
3782	2356
3783	1541
3784	3412
3785	3372
3786	3368
3787	3326
3788	3158
3789	2381
3790	2903
3791	1183
3792	3415
3793	3709
3794	3802
3795	3675
3796	3761
3797	3624
3798	2930
3799	2316
3800	2281
3801	2277
3802	3640
3803	0
3804	3121
3805	3243
3806	2827
3807	2847
3808	3593
3809	0
3810	2494
3811	2356
3812	1541
3813	3412
3814	3361
3815	3399
3816	3080
3817	3158
3818	2381
3819	2903
3820	1183
3821	3415
3822	3709
3823	3802
3824	3675
3825	3761
3826	3671
3827	2930
3828	2316
3829	2281
3830	2277
3831	3640
3832	0
3833	3121
3834	3243
3835	2822
3836	2847
3837	3593
3838	0
3839	2494
3840	2356
3841	3636
3842	3472
3843	3361
3844	3368
3845	3326
3846	3158
3847	2381
3848	2903
3849	1183
3850	3415
3851	3709
3852	3802
3853	3675
3854	3761
3855	3671
3856	3538
3857	2310
3858	2281
3859	2277
3860	3640
3861	0
3862	3124
3863	3243
3864	2765
3865	2847
3866	3593
3867	0
3868	2494
3869	2356
3870	3636
3871	3472
3872	3372
3873	3334
3874	3326
3875	3158
3876	2381
3877	2903
3878	1183
3879	3415
3880	3709
3881	3802
3882	3675
3883	3761
3884	3710
3885	2930
3886	2316
3887	2281
3888	2277
3889	3640
3890	0
3891	3124
3892	3224
3893	2728
3894	2847
3895	3593
3896	0
3897	2494
3898	2356
3899	3636
3900	3472
3901	3372
3902	3459
3903	3326
3904	3158
3905	2381
3906	2903
3907	1183
3908	3415
3909	3709
3910	3802
3911	3675
3912	3761
3913	3671
3914	2930
3915	2316
3916	2281
3917	2277
3918	3640
3919	0
3920	3108
3921	3224
3922	2768
3923	2847
3924	3593
3925	0
3926	2494
3927	2356
3928	3410
3929	3409
3930	3361
3931	3334
3932	3326
3933	3158
3934	2381
3935	2903
3936	1183
3937	3415
3938	3709
3939	3802
3940	3675
3941	3761
3942	3710
3943	2930
3944	2316
3945	2281
3946	2277
3947	3640
3948	0
3949	3124
3950	3224
3951	2824
3952	2847
3953	3593
3954	0
3955	2494
3956	2356
3957	3410
3958	3409
3959	3361
3960	3459
3961	3326
3962	3158
3963	2381
3964	2903
3965	1183
3966	3415
3967	3709
3968	3802
3969	3675
3970	3761
3971	3671
3972	3538
3973	2310
3974	2281
3975	2277
3976	3640
3977	0
3978	3063
3979	3243
3980	2768
3981	2847
3982	3593
3983	0
3984	2494
3985	2356
3986	3129
3987	3458
3988	3361
3989	3368
3990	3326
3991	3158
3992	2381
3993	2903
3994	1183
3995	3415
3996	3709
3997	3802
3998	3675
3999	3761
4000	3671
4001	3538
4002	2310
4003	2281
4004	2277
4005	3640
4006	0
4007	3059
4008	3224
4009	2768
4010	2847
4011	3593
4012	0
4013	2494
4014	2356
4015	3570
4016	3395
4017	3372
4018	3368
4019	3326
4020	3158
4021	2381
4022	2903
4023	1183
4024	3415
4025	3709
4026	3802
4027	3675
4028	3761
4029	3671
4030	3538
4031	2310
4032	2281
4033	2277
4034	3640
4035	0
4036	3108
4037	3224
4038	2824
4039	2847
4040	3593
4041	0
4042	2494
4043	2356
4044	3129
4045	3458
4046	3361
4047	3368
4048	3326
4049	3158
4050	2381
4051	2903
4052	1183
4053	3415
4054	3709
4055	3802
4056	3675
4057	3761
4058	3710
4059	3538
4060	2310
4061	2281
4062	2277
4063	3640
4064	0
4065	3124
4066	3243
4067	2728
4068	2847
4069	3593
4070	0
4071	2494
4072	2293
4073	3129
4074	3458
4075	3372
4076	3368
4077	3326
4078	3158
4079	2381
4080	2903
4081	1183
4082	3415
4083	3709
4084	3802
4085	3675
4086	3761
4087	3567
4088	3473
4089	2355
4090	2281
4091	2277
4092	3640
4093	0
4094	3063
4095	3224
4096	2768
4097	2847
4098	3593
4099	0
4100	2494
4101	2356
4102	3129
4103	3458
4104	3361
4105	3334
4106	3326
4107	3158
4108	2381
4109	2903
4110	1183
4111	3415
4112	3709
4113	3802
4114	3675
4115	3761
4116	3710
4117	3577
4118	2355
4119	2349
4120	2277
4121	3640
4122	0
4123	3121
4124	3224
4125	2824
4126	2847
4127	3593
4128	0
4129	2494
4130	2356
4131	3129
4132	3458
4133	3361
4134	3368
4135	3080
4136	3158
4137	2381
4138	2903
4139	1183
4140	3415
4141	3709
4142	3802
4143	3675
4144	3761
4145	3671
4146	3577
4147	2355
4148	2349
4149	2277
4150	3640
4151	0
4152	3063
4153	3243
4154	2824
4155	2847
4156	3593
4157	0
4158	2494
4159	2356
4160	3129
4161	3458
4162	3361
4163	3431
4164	3080
4165	3158
4166	2381
4167	2903
4168	1183
4169	3415
4170	3709
4171	3802
4172	3675
4173	3761
4174	3710
4175	3473
4176	2355
4177	2281
4178	2277
4179	3640
4180	0
4181	3119
4182	3243
4183	2728
4184	3563
4185	3593
4186	0
4187	2494
4188	2356
4189	3129
4190	3458
4191	3372
4192	3334
4193	3080
4194	3158
4195	2381
4196	2903
4197	1183
4198	3415
4199	3709
4200	3802
4201	3675
4202	3761
4203	3710
4204	3538
4205	2310
4206	2281
4207	2277
4208	3640
4209	0
4210	3119
4211	3244
4212	2745
4213	2847
4214	3593
4215	0
4216	2494
4217	2356
4218	3129
4219	3458
4220	3361
4221	3448
4222	3326
4223	3158
4224	2381
4225	2903
4226	1183
4227	3415
4228	3709
4229	3802
4230	3675
4231	3761
4232	3671
4233	3538
4234	2310
4235	2336
4236	2277
4237	3640
4238	0
4239	3108
4240	3243
4241	2765
4242	2847
4243	3593
4244	0
4245	2494
4246	2356
4247	3129
4248	3458
4249	3361
4250	3431
4251	3326
4252	3158
4253	2381
4254	2903
4255	1183
4256	3415
4257	3709
4258	3802
4259	3675
4260	3761
4261	3671
4262	3538
4263	2310
4264	2349
4265	2277
4266	3640
4267	0
4268	3063
4269	3244
4270	2814
4271	2847
4272	3593
4273	0
4274	2494
4275	2356
4276	3129
4277	3458
4278	3361
4279	3368
4280	3080
4281	3158
4282	2381
4283	2903
4284	1183
4285	3415
4286	3709
4287	3802
4288	3675
4289	3761
4290	3567
4291	3538
4292	2310
4293	2349
4294	2277
4295	3640
4296	0
4297	3108
4298	3244
4299	2765
4300	2847
4301	3593
4302	0
4303	2494
4304	2356
4305	3129
4306	3458
4307	3372
4308	3448
4309	3326
4310	3158
4311	2381
4312	2903
4313	1183
4314	3415
4315	3709
4316	3795
4317	3675
4318	3761
4319	3684
4320	2930
4321	2316
4322	2281
4323	2277
4324	3640
4325	0
4326	3059
4327	3244
4328	2825
4329	3563
4330	3593
4331	0
4332	2494
4333	2356
4334	1528
4335	3458
4336	3372
4337	3431
4338	3080
4339	3158
4340	2381
4341	2903
4342	1183
4343	3415
4344	3709
4345	3795
4346	3675
4347	3747
4348	3646
4349	3538
4350	2310
4351	2281
4352	2277
4353	3640
4354	0
4355	3081
4356	3246
4357	2728
4358	2847
4359	3593
4360	0
4361	2494
4362	2339
4363	1528
4364	3458
4365	3372
4366	3431
4367	3080
4368	3158
4369	2381
4370	2903
4371	1183
4372	3415
4373	3709
4374	3802
4375	3675
4376	3761
4377	3687
4378	3473
4379	2355
4380	2281
4381	2277
4382	3640
4383	0
4384	3121
4385	3246
4386	2765
4387	2847
4388	3593
4389	0
4390	2494
4391	2339
4392	1528
4393	3458
4394	3372
4395	3431
4396	3080
4397	3158
4398	2381
4399	2903
4400	1183
4401	3415
4402	3709
4403	3795
4404	3675
4405	3747
4406	3646
4407	3062
4408	2355
4409	2336
4410	2242
4411	3640
4412	0
4413	3119
4414	3245
4415	2791
4416	2847
4417	3593
4418	0
4419	2494
4420	2356
4421	3129
4422	3458
4423	3372
4424	3431
4425	3080
4426	3158
4427	2381
4428	2903
4429	1183
4430	3415
4431	3709
4432	3795
4433	3675
4434	3747
4435	3712
4436	2355
4437	2355
4438	2281
4439	2264
4440	3640
4441	0
4442	3081
4443	3246
4444	2745
4445	2847
4446	3593
4447	0
4448	2494
4449	2356
4450	3129
4451	3458
4452	3372
4453	3334
4454	3326
4455	3158
4456	2381
4457	2903
4458	1183
4459	3415
4460	3709
4461	3795
4462	3675
4463	3761
4464	3712
4465	3538
4466	2310
4467	2349
4468	2264
4469	3640
4470	0
4471	3121
4472	3245
4473	2825
4474	3563
4475	3593
4476	0
4477	2494
4478	2356
4479	1528
4480	3458
4481	3374
4482	3431
4483	3326
4484	3158
4485	2381
4486	2903
4487	1183
4488	3415
4489	3709
4490	3802
4491	3675
4492	3761
4493	3678
4494	2924
4495	2310
4496	2281
4497	2242
4498	3640
4499	0
4500	3063
4501	3246
4502	2745
4503	2847
4504	3593
4505	0
4506	2494
4507	2356
4508	3129
4509	3458
4510	3361
4511	3334
4512	3080
4513	3158
4514	2381
4515	2903
4516	1183
4517	3415
4518	3709
4519	3802
4520	3675
4521	3761
4522	3646
4523	3473
4524	2355
4525	2281
4526	2277
4527	3640
4528	0
4529	3108
4530	3246
4531	2745
4532	2847
4533	3593
4534	0
4535	2494
4536	2356
4537	3129
4538	3458
4539	3373
4540	3334
4541	3326
4542	3158
4543	2381
4544	2903
4545	1183
4546	3415
4547	3709
4548	3802
4549	3675
4550	3761
4551	3661
4552	3075
4553	2364
4554	2349
4555	2264
4556	3640
4557	0
4558	3062
4559	3246
4560	2825
4561	3563
4562	3593
4563	0
4564	2494
4565	2356
4566	1528
4567	3458
4568	3373
4569	3459
4570	3080
4571	3158
4572	2381
4573	2903
4574	1183
4575	3415
4576	3709
4577	3795
4578	3675
4579	3757
4580	3671
4581	3538
4582	2310
4583	2281
4584	2277
4585	3640
4586	0
4587	3114
4588	3237
4589	2745
4590	3563
4591	3593
4592	0
4593	2494
4594	2356
4595	3129
4596	3458
4597	3372
4598	3431
4599	3326
4600	3158
4601	2381
4602	2903
4603	1183
4604	3415
4605	3709
4606	3802
4607	3675
4608	3748
4609	3671
4610	2924
4611	2310
4612	2281
4613	2242
4614	3640
4615	0
4616	3103
4617	3237
4618	2745
4619	3563
4620	3593
4621	0
4622	2494
4623	2356
4624	3129
4625	3458
4626	3373
4627	3431
4628	3080
4629	3158
4630	2381
4631	2903
4632	1183
4633	3415
4634	3709
4635	3802
4636	3675
4637	3765
4638	3646
4639	3199
4640	2364
4641	2349
4642	2277
4643	3640
4644	0
4645	3108
4646	3246
4647	2828
4648	2847
4649	3593
4650	0
4651	2494
4652	2356
4653	3129
4654	3458
4655	3361
4656	3368
4657	3080
4658	3158
4659	2381
4660	2903
4661	1183
4662	3415
4663	3709
4664	3802
4665	3675
4666	3761
4667	3645
4668	3199
4669	2364
4670	2349
4671	2277
4672	3640
4673	0
4674	3103
4675	3237
4676	2824
4677	3563
4678	3593
4679	0
4680	2494
4681	2356
4682	3129
4683	3458
4684	3375
4685	3431
4686	3326
4687	3158
4688	2381
4689	2903
4690	1183
4691	3415
4692	3709
4693	3795
4694	3675
4695	3748
4696	3674
4697	3199
4698	2364
4699	2349
4700	2277
4701	3640
4702	0
4703	3121
4704	3237
4705	2828
4706	2847
4707	3593
4708	0
4709	2494
4710	2356
4711	3129
4712	3458
4713	3357
4714	3431
4715	3326
4716	3158
4717	2381
4718	2903
4719	1183
4720	3415
4721	3709
4722	3795
4723	3675
4724	3748
4725	3674
4726	3199
4727	2373
4728	2349
4729	2242
4730	3640
4731	0
4732	3103
4733	3237
4734	2745
4735	2847
4736	3593
4737	0
4738	2494
4739	2356
4740	3129
4741	3458
4742	3357
4743	3431
4744	3080
4745	3158
4746	2381
4747	2903
4748	1183
4749	3415
4750	3709
4751	3795
4752	3675
4753	3748
4754	3671
4755	3547
4756	2310
4757	2281
4758	2242
4759	3640
4760	0
4761	3062
4762	3237
4763	2813
4764	1160
4765	3593
4766	0
4767	2494
4768	2356
4769	3129
4770	3458
4771	3361
4772	3454
4773	3080
4774	3158
4775	2381
4776	2903
4777	1183
4778	3415
4779	3709
4780	3795
4781	3675
4782	3761
4783	3567
4784	3538
4785	2310
4786	2281
4787	2277
4788	3640
4789	0
4790	3108
4791	3237
4792	2824
4793	2847
4794	3593
4795	0
4796	2494
4797	2356
4798	3129
4799	3458
4800	3361
4801	3431
4802	3326
4803	3158
4804	2381
4805	2903
4806	1183
4807	3415
4808	3709
4809	3795
4810	3675
4811	3765
4812	3674
4813	2924
4814	2310
4815	2281
4816	2242
4817	3640
4818	0
4819	3062
4820	3237
4821	2827
4822	1160
4823	3593
4824	0
4825	2494
4826	2356
4827	3129
4828	3458
4829	3361
4830	3448
4831	3080
4832	3158
4833	2381
4834	2903
4835	1183
4836	3415
4837	3709
4838	3812
4839	3675
4840	3761
4841	3674
4842	3538
4843	2310
4844	2349
4845	2242
4846	3640
4847	0
4848	3114
4849	3237
4850	2768
4851	1160
4852	3593
4853	0
4854	2494
4855	2356
4856	3129
4857	3458
4858	3357
4859	3431
4860	3080
4861	3158
4862	2381
4863	2903
4864	1183
4865	3415
4866	3709
4867	3795
4868	3675
4869	3761
4870	3646
4871	3075
4872	2364
4873	2349
4874	2264
4875	3640
4876	0
4877	3114
4878	3237
4879	2820
4880	1160
4881	3593
4882	0
4883	2494
4884	2356
4885	3129
4886	3458
4887	3361
4888	3334
4889	3326
4890	3158
4891	2381
4892	2903
4893	1183
4894	3415
4895	3709
4896	3802
4897	3675
4898	3761
4899	3674
4900	3577
4901	2355
4902	2349
4903	2277
4904	3640
4905	0
4906	3114
4907	3238
4908	2768
4909	1160
4910	3593
4911	0
4912	2494
4913	2356
4914	1528
4915	3458
4916	3361
4917	3448
4918	3326
4919	3158
4920	2381
4921	2903
4922	1183
4923	3415
4924	3709
4925	3812
4926	3675
4927	3761
4928	3674
4929	3577
4930	2373
4931	2349
4932	2277
4933	3640
4934	0
4935	3103
4936	3237
4937	2768
4938	1160
4939	3593
4940	0
4941	2494
4942	2356
4943	3129
4944	3458
4945	3361
4946	3368
4947	3080
4948	3158
4949	2381
4950	2903
4951	1183
4952	3415
4953	3709
4954	3795
4955	3675
4956	3747
4957	3661
4958	3538
4959	2310
4960	2349
4961	2242
4962	3640
4963	0
4964	3103
4965	3237
4966	2814
4967	2847
4968	3593
4969	0
4970	2494
4971	2356
4972	3129
4973	3458
4974	3361
4975	3454
4976	3326
4977	3158
4978	2381
4979	2903
4980	1183
4981	3415
4982	3709
4983	3812
4984	3675
4985	3761
4986	3674
4987	3538
4988	2310
4989	2349
4990	2242
4991	3640
4992	0
4993	3114
4994	3232
4995	2768
4996	1160
4997	3593
4998	0
4999	2494
5000	2356
5001	3570
5002	3395
5003	3372
5004	3368
5005	3326
5006	3158
5007	2381
5008	2903
5009	1183
5010	3415
5011	3709
5012	3795
5013	3675
5014	3765
5015	3645
5016	3577
5017	2355
5018	2349
5019	2277
5020	3640
5021	0
5022	3120
5023	3237
5024	2768
5025	1160
5026	3593
5027	0
5028	2494
5029	2356
5030	3129
5031	3458
5032	3357
5033	3431
5034	3080
5035	3158
5036	2381
5037	2903
5038	1183
5039	3415
5040	3709
5041	3812
5042	3675
5043	3747
5044	3645
5045	3577
5046	2373
5047	2349
5048	2277
5049	3640
5050	0
5051	3120
5052	3237
5053	2813
5054	1160
5055	3593
5056	0
5057	2478
5058	2356
5059	3129
5060	3458
5061	3361
5062	3368
5063	3326
5064	3158
5065	2381
5066	2903
5067	1183
5068	3415
5069	3709
5070	3795
5071	3675
5072	3747
5073	3661
5074	3577
5075	2355
5076	2349
5077	2277
5078	3640
5079	0
5080	3063
5081	3224
5082	2813
5083	2847
5084	3593
5085	0
5086	2494
5087	2356
5088	3129
5089	3458
5090	3374
5091	3431
5092	3080
5093	3158
5094	2381
5095	2903
5096	1183
5097	3415
5098	3699
5099	3802
5100	3675
5101	3747
5102	3567
5103	2924
5104	2310
5105	2270
5106	2277
5107	3640
5108	0
5109	3120
5110	3224
5111	2768
5112	1160
5113	3593
5114	0
5115	2494
5116	2356
5117	3129
5118	3458
5119	3361
5120	3431
5121	3326
5122	3158
5123	2381
5124	2903
5125	1183
5126	3415
5127	3709
5128	3802
5129	3675
5130	3771
5131	3645
5132	2924
5133	2310
5134	2340
5135	2264
5136	3640
5137	0
5138	3120
5139	3224
5140	2768
5141	1160
5142	3593
5143	0
5144	2494
5145	2356
5146	3129
5147	3458
5148	3367
5149	3431
5150	3080
5151	3158
5152	2341
5153	2903
5154	1183
5155	3415
5156	3699
5157	3795
5158	3675
5159	3761
5160	3656
5161	2924
5162	2310
5163	2270
5164	2277
5165	3640
5166	0
5167	3120
5168	3224
5169	2813
5170	1160
5171	3593
5172	0
5173	2494
5174	2356
5175	3129
5176	3458
5177	3367
5178	3368
5179	3080
5180	3158
5181	2381
5182	2903
5183	1183
5184	3415
5185	3709
5186	3795
5187	3675
5188	3747
5189	3668
5190	1765
5191	2373
5192	2340
5193	2277
5194	3640
5195	0
5196	3063
5197	3237
5198	2813
5199	2847
5200	3593
5201	0
5202	2478
5203	2356
5204	3636
5205	3462
5206	3361
5207	3454
5208	3080
5209	3158
5210	2381
5211	2903
5212	1183
5213	3415
5214	3709
5215	3795
5216	3675
5217	3747
5218	3674
5219	2924
5220	2310
5221	2270
5222	2277
5223	3640
5224	0
5225	3120
5226	3237
5227	2813
5228	1160
5229	3593
5230	0
5231	2494
5232	2356
5233	3636
5234	3462
5235	3361
5236	3368
5237	3080
5238	3158
5239	2381
5240	2903
5241	1183
5242	3415
5243	3709
5244	3818
5245	3675
5246	3765
5247	3645
5248	1765
5249	2373
5250	2340
5251	2277
5252	3640
5253	0
5254	3120
5255	3237
5256	2768
5257	2847
5258	3593
5259	0
5260	2494
5261	2356
5262	3129
5263	3458
5264	3361
5265	3431
5266	3080
5267	3158
5268	2381
5269	2903
5270	1183
5271	3415
5272	3709
5273	3795
5274	3675
5275	3748
5276	3674
5277	3538
5278	2310
5279	2340
5280	2242
5281	3640
5282	0
5283	3120
5284	3246
5285	2826
5286	2847
5287	3593
5288	0
5289	2478
5290	2342
5291	3129
5292	3458
5293	3374
5294	3461
5295	3326
5296	3158
5297	2381
5298	2903
5299	1183
5300	3415
5301	3709
5302	3795
5303	3675
5304	3748
5305	3674
5306	2924
5307	2310
5308	2270
5309	2277
5310	3640
5311	0
5312	3124
5313	3217
5314	2813
5315	1160
5316	3593
5317	0
5318	2494
5319	2356
5320	3636
5321	3462
5322	3367
5323	3459
5324	3080
5325	3158
5326	2381
5327	2903
5328	1183
5329	3415
5330	3709
5331	3806
5332	3675
5333	3748
5334	3661
5335	1765
5336	2373
5337	2340
5338	2242
5339	3640
5340	0
5341	3108
5342	3237
5343	2768
5344	1160
5345	3593
5346	0
5347	2494
5348	2293
5349	3129
5350	3458
5351	3367
5352	3444
5353	3326
5354	3158
5355	2381
5356	2903
5357	1183
5358	3415
5359	3709
5360	3795
5361	3675
5362	3748
5363	3670
5364	3547
5365	2310
5366	2281
5367	2242
5368	3640
5369	0
5370	3121
5371	3237
5372	2831
5373	1160
5374	3593
5375	0
5376	2494
5377	2293
5378	3129
5379	3458
5380	3357
5381	3431
5382	3080
5383	3158
5384	2381
5385	2903
5386	1183
5387	3415
5388	3709
5389	3795
5390	3675
5391	3748
5392	3645
5393	2355
5394	2355
5395	2326
5396	2277
5397	3640
5398	0
5399	3107
5400	3225
5401	2800
5402	1160
5403	3593
5404	0
5405	2494
5406	2356
5407	3129
5408	3458
5409	3357
5410	3444
5411	3326
5412	3158
5413	2381
5414	2903
5415	1183
5416	3415
5417	3709
5418	3806
5419	3711
5420	3761
5421	3662
5422	3104
5423	2364
5424	2270
5425	2277
5426	3640
5427	0
5428	3107
5429	3217
5430	2808
5431	1160
5432	3593
5433	0
5434	2494
5435	2356
5436	3129
5437	3458
5438	3357
5439	3444
5440	3080
5441	3158
5442	2381
5443	2903
5444	1183
5445	3415
5446	3709
5447	3806
5448	3711
5449	3747
5450	3646
5451	2364
5452	2364
5453	2326
5454	2277
5455	3640
5456	0
5457	3105
5458	3238
5459	2806
5460	1160
5461	3593
5462	0
5463	2494
5464	2348
5465	3129
5466	3458
5467	3357
5468	3431
5469	3326
5470	3158
5471	2381
5472	2903
5473	1183
5474	3415
5475	3709
5476	3806
5477	3711
5478	3747
5479	3670
5480	2355
5481	2355
5482	2340
5483	2277
5484	3640
5485	0
5486	3107
5487	3225
5488	2813
5489	1160
5490	3593
5491	0
5492	2494
5493	2356
5494	3129
5495	3458
5496	3367
5497	3431
5498	3080
5499	3158
5500	2381
5501	2903
5502	1183
5503	3415
5504	3709
5505	3802
5506	3675
5507	3761
5508	3670
5509	3104
5510	2364
5511	2270
5512	2277
5513	3640
5514	0
5515	3063
5516	3238
5517	2813
5518	1160
5519	3593
5520	0
5521	2478
5522	2362
5523	3129
5524	3458
5525	3367
5526	3459
5527	3326
5528	3158
5529	2381
5530	2903
5531	1183
5532	3415
5533	3709
5534	3795
5535	3675
5536	3761
5537	3645
5538	2924
5539	2310
5540	2340
5541	2264
5542	3640
5543	0
5544	3062
5545	3237
5546	2768
5547	1160
5548	3593
5549	0
5550	2485
5551	2362
5552	3129
5553	3458
5554	3367
5555	3461
5556	3326
5557	3158
5558	2381
5559	2903
5560	1183
5561	3415
5562	3709
5563	3806
5564	3675
5565	3765
5566	3656
5567	3538
5568	2310
5569	2340
5570	2277
5571	3640
5572	0
5573	3120
5574	3224
5575	2813
5576	1160
5577	3593
5578	0
5579	2485
5580	2356
5581	3129
5582	3458
5583	3361
5584	3448
5585	3080
5586	3158
5587	2381
5588	2903
5589	1183
5590	3415
5591	3709
5592	3812
5593	3675
5594	3765
5595	3670
5596	1765
5597	2373
5598	2326
5599	2242
5600	3640
5601	0
5602	3120
5603	3224
5604	2806
5605	2847
5606	3593
5607	0
5608	2471
5609	2356
5610	3129
5611	3458
5612	3357
5613	3444
5614	3080
5615	3158
5616	2381
5617	2903
5618	1183
5619	3415
5620	3709
5621	3812
5622	3675
5623	3747
5624	3646
5625	3538
5626	2310
5627	2336
5628	2277
5629	3640
5630	0
5631	3113
5632	3224
5633	2814
5634	2847
5635	3593
5636	0
5637	2485
5638	2356
5639	3129
5640	3458
5641	3372
5642	3448
5643	3326
5644	3158
5645	2381
5646	2903
5647	1183
5648	3415
5649	3709
5650	3812
5651	3711
5652	3761
5653	3645
5654	3199
5655	2364
5656	2349
5657	2242
5658	3640
5659	0
5660	3062
5661	3224
5662	2813
5663	2847
5664	3593
5665	0
5666	2471
5667	2348
5668	3129
5669	3458
5670	3361
5671	3448
5672	3080
5673	3158
5674	2381
5675	2903
5676	1183
5677	3415
5678	3709
5679	3795
5680	3675
5681	3747
5682	3661
5683	3538
5684	2310
5685	2349
5686	2277
5687	3640
5688	0
5689	3113
5690	3224
5691	2813
5692	2847
5693	3593
5694	0
5695	2485
5696	2348
5697	3129
5698	3458
5699	3361
5700	3368
5701	3326
5702	3158
5703	2381
5704	2903
5705	1183
5706	3415
5707	3709
5708	3795
5709	3711
5710	3747
5711	3646
5712	3538
5713	2310
5714	2326
5715	2277
5716	3640
5717	0
5718	3120
5719	3224
5720	2813
5721	1160
5722	3593
5723	0
5724	2494
5725	2348
5726	3129
5727	3458
5728	3361
5729	3448
5730	3080
5731	3158
5732	2381
5733	2903
5734	1183
5735	3415
5736	3709
5737	3795
5738	3675
5739	3748
5740	3646
5741	2924
5742	2310
5743	2340
5744	2264
5745	3640
5746	0
5747	3081
5748	3237
5749	2728
5750	1160
5751	3593
5752	0
5753	2485
5754	2293
5755	3129
5756	3458
5757	3361
5758	3431
5759	3080
5760	3158
5761	2381
5762	2903
5763	1183
5764	3415
5765	3709
5766	3795
5767	3711
5768	3747
5769	3624
5770	2924
5771	2310
5772	2349
5773	2277
5774	3640
5775	0
5776	3081
5777	3243
5778	2768
5779	1160
5780	3593
5781	0
5782	2484
5783	2361
5784	3129
5785	3458
5786	3361
5787	3431
5788	3080
5789	3158
5790	2341
5791	2903
5792	1183
5793	3415
5794	3709
5795	3794
5796	3711
5797	3748
5798	3644
5799	2924
5800	2310
5801	2349
5802	2277
5803	3640
5804	0
5805	3108
5806	3237
5807	2813
5808	2847
5809	3593
5810	0
5811	2415
5812	2362
5813	3129
5814	3458
5815	3361
5816	3430
5817	3080
5818	3158
5819	2381
5820	2903
5821	1183
5822	3415
5823	3709
5824	3794
5825	3675
5826	3747
5827	3646
5828	2375
5829	2310
5830	2349
5831	2277
5832	3640
5833	0
5834	3108
5835	3224
5836	2745
5837	2847
5838	3593
5839	0
5840	2415
5841	2293
5842	3129
5843	3458
5844	3361
5845	3431
5846	3080
5847	3163
5848	2381
5849	2903
5850	1183
5851	3415
5852	3708
5853	3794
5854	3711
5855	3765
5856	3646
5857	2355
5858	2355
5859	2349
5860	2264
5861	3640
5862	0
5863	3063
5864	3224
5865	2813
5866	2847
5867	3593
5868	0
5869	2494
5870	2293
5871	3129
5872	3458
5873	3361
5874	3368
5875	3080
5876	3163
5877	2381
5878	2903
5879	1183
5880	3415
5881	3708
5882	3795
5883	3675
5884	3747
5885	3645
5886	3492
5887	2373
5888	2339
5889	2277
5890	3640
5891	0
5892	3120
5893	3232
5894	2768
5895	2847
5896	3593
5897	0
5898	2485
5899	2361
5900	3129
5901	3458
5902	3361
5903	3430
5904	3326
5905	3163
5906	2341
5907	2903
5908	1183
5909	3415
5910	3708
5911	3794
5912	3711
5913	3747
5914	3645
5915	2924
5916	2310
5917	2270
5918	2277
5919	3640
5920	0
5921	3108
5922	3232
5923	2814
5924	1160
5925	3593
5926	0
5927	2485
5928	2362
5929	3129
5930	3458
5931	3361
5932	3431
5933	3080
5934	3158
5935	2381
5936	2903
5937	1183
5938	3415
5939	3708
5940	3795
5941	3711
5942	3747
5943	3646
5944	2924
5945	2310
5946	2349
5947	2277
5948	3640
5949	0
5950	3120
5951	3232
5952	2745
5953	1160
5954	3593
5955	0
5956	2471
5957	2348
5958	3129
5959	3458
5960	3367
5961	3368
5962	3326
5963	3158
5964	2381
5965	2903
5966	1183
5967	3415
5968	3709
5969	3802
5970	3675
5971	3748
5972	3645
5973	3538
5974	2310
5975	2349
5976	2264
5977	3640
5978	0
5979	3120
5980	3236
5981	2745
5982	2847
5983	3593
5984	0
5985	2484
5986	2362
5987	3129
5988	3458
5989	3372
5990	3368
5991	3080
5992	3158
5993	2341
5994	2903
5995	1183
5996	3415
5997	3708
5998	3802
